786657
240129
246379
446409
296461
400941
247991
449220
594166
694839
63337
77161
795443
647520
236921
746785
412634
761846
1009523
207623
281539
67491
709749
308937
908169
98548
803400
947070
236708
336739
426519
39805
717521
343590
864771
440232
862109
599885
188241
1037390
722717
724630
42828
688350
1039425
257025
348697
488052
747972
535048
180065
244677
300768
528795
166476
970748
609604
231450
932774
148244
652973
628440
688795
251744
307152
373563
856016
409673
236028
301340
386555
711252
754403
121089
953001
878278
584959
93670
628481
974489
508672
947607
923512
885607
654940
653693
420186
327819
287630
528790
963023
601692
1041766
407507
862150
1029195
712986
876704
576379
841990
